513 974
0 30
513 637
0 1
0 14
513 962
0 32
0 17
0 880
0 710
0 793
0 627
1 33
1 28
1 30
1 9
1 925
1 618
1 1056
2 19
2 41
2 3
2 36
2 10
2 30
2 11
513 238
2 24
3 21
3 16
3 14
3 33
3 105
4 10
4 9
4 5
4 23
4 175
4 1035
4 944
4 668
5 25
5 35
5 243
5 386
5 397
6 45
6 12
6 25
6 22
6 29
6 722
7 10
7 44
7 15
7 41
7 19
7 579
7 502
7 447
8 36
8 43
8 381
8 940
8 258
9 12
9 37
9 17
9 19
9 23
9 513
9 389
9 974
10 36
10 21
10 45
10 39
10 37
10 20
10 29
10 1076
10 637
10 182
10 962
11 24
11 19
11 15
11 238
11 76
11 804
12 39
12 21
12 26
12 45
12 44
12 16
12 32
12 798
12 565
13 27
13 42
13 32
13 29
13 1062
13 182
13 972
13 586
14 34
14 18
14 20
14 340
14 350
14 602
14 549
14 769
15 36
15 37
15 22
15 19
15 45
15 33
15 44
15 488
15 50
15 1112
15 418
16 34
16 33
16 39
16 42
16 30
16 1036
16 379
16 870
17 27
17 41
17 32
17 31
17 317
17 142
18 30
18 22
18 25
18 37
18 362
18 672
18 649
18 1092
19 25
19 30
19 38
19 37
20 45
20 36
20 917
20 388
20 304
21 44
21 35
21 36
21 31
21 22
21 23
21 861
21 103
21 371
22 23
22 30
22 837
22 303
23 40
23 985
23 181
24 32
24 34
24 39
24 41
24 27
24 594
24 28
24 158
513 389
25 30
513 1076
25 1115
25 865
25 706
25 884
26 43
26 41
26 27
26 29
26 57
26 307
27 31
27 42
27 560
27 207
27 1074
27 191
27 730
27 1042
27 781
28 29
28 32
28 874
28 763
29 36
29 35
29 644
29 697
30 32
30 36
30 42
30 232
31 44
31 33
31 86
31 719
32 197
33 37
33 45
33 41
33 573
33 308
33 132
33 324
33 893
33 287
34 41
34 36
34 40
34 843
34 131
34 515
34 164
34 689
34 149
35 413
36 43
36 41
36 42
36 38
36 224
36 553
37 42
37 38
37 831
37 940
37 623
39 45
39 43
39 647
39 399
39 390
39 750
39 443
39 1015
39 702
40 51
40 376
42 375
42 1073
42 927
42 455
42 897
43 44
43 228
43 300
45 441
45 597
45 567
45 922
45 460
46 1093
46 772
46 1113
46 1062
47 443
47 62
47 501
48 768
48 740
48 1074
48 267
48 617
49 877
49 1059
49 959
49 631
49 519
49 232
49 272
49 986
49 405
50 705
51 818
51 264
52 1081
52 789
52 283
53 68
53 546
53 670
54 690
54 448
55 1062
55 400
55 713
56 181
56 167
56 974
57 664
58 662
58 139
58 124
58 587
58 886
58 118
59 668
59 1048
59 827
59 886
60 657
60 468
60 1004
61 939
61 319
61 758
62 153
62 892
62 957
62 845
62 75
63 518
63 217
63 395
63 352
63 556
64 275
64 110
65 827
65 1004
65 323
65 1077
65 431
66 343
66 877
66 547
66 771
66 815
67 289
67 1115
68 774
69 794
69 779
69 619
69 1036
70 738
70 344
70 571
70 666
70 1062
71 506
71 475
71 447
72 114
72 1091
73 759
73 854
73 348
74 598
74 703
74 676
75 747
76 551
76 1093
77 427
77 202
77 537
78 303
78 399
78 326
78 525
79 344
80 86
80 965
80 794
81 508
81 153
82 140
82 447
82 128
82 369
82 909
82 497
82 634
82 555
83 480
83 598
83 512
83 1001
83 87
84 791
84 372
84 647
85 264
85 986
85 1005
86 604
86 435
87 155
87 531
87 196
88 151
88 469
88 1102
89 515
89 745
89 1071
89 614
90 1059
90 848
90 272
90 510
91 522
91 610
91 192
91 578
92 182
92 908
92 771
92 565
93 388
94 642
94 182
95 255
96 685
96 590
96 1043
96 612
97 824
97 354
97 306
97 992
97 152
97 1086
97 289
98 375
98 376
98 279
98 652
98 976
99 335
99 691
100 679
100 1064
100 421
101 528
101 232
102 445
102 1061
103 758
103 415
103 126
103 324
103 182
104 926
104 590
104 908
104 181
105 842
105 137
105 526
106 213
106 502
106 559
106 712
106 267
107 476
107 294
107 649
107 844
108 179
108 312
108 1090
109 780
109 492
109 297
110 1017
110 313
110 360
111 326
111 1042
112 385
112 1002
112 487
113 565
114 829
114 524
114 731
115 1033
115 283
115 221
116 304
116 779
116 461
116 717
117 569
117 1004
117 422
118 274
118 608
119 351
119 1053
119 452
120 1079
120 268
120 948
121 505
121 539
121 256
121 737
122 381
122 627
122 131
122 930
123 165
123 840
123 1071
123 582
124 488
124 487
124 214
125 576
125 276
126 190
126 1046
126 518
126 638
126 323
127 641
127 260
127 778
128 831
128 820
128 996
128 447
129 524
129 1027
129 1101
130 938
130 639
130 360
130 912
130 850
131 696
131 410
131 426
132 596
132 228
133 525
133 751
134 900
134 883
134 767
134 203
134 317
134 587
134 441
135 845
135 261
135 418
135 890
135 240
136 853
136 1036
136 545
136 840
137 1052
137 947
137 1068
137 445
137 282
138 751
138 568
139 358
139 892
139 948
139 190
141 1076
141 320
141 737
142 295
142 706
143 164
143 798
143 238
143 434
143 307
143 606
143 527
144 198
144 493
144 1007
144 714
144 670
144 1066
145 999
145 1101
145 903
145 623
146 366
146 1085
146 951
147 223
147 376
148 1050
148 592
148 349
149 431
149 513
149 207
149 288
149 881
149 727
150 171
151 1023
152 235
153 191
153 495
154 395
154 585
154 955
154 1082
154 370
155 1057
155 981
155 1095
155 729
156 1031
156 825
157 760
157 763
157 1036
158 725
158 814
158 299
159 878
159 876
159 641
160 170
160 385
161 455
162 936
162 435
162 271
163 1069
163 168
163 726
163 1056
163 372
164 542
165 790
165 175
165 206
166 590
166 951
166 476
167 537
167 254
167 868
167 665
167 509
167 596
168 317
168 509
168 809
169 283
169 1040
169 248
170 548
171 355
171 444
171 377
172 458
172 956
172 173
173 176
174 368
174 182
174 257
175 1020
175 929
175 741
175 496
175 1049
175 549
176 949
177 633
177 674
177 273
178 1056
178 726
178 792
178 971
180 809
180 622
181 611
182 700
182 906
183 682
183 689
183 569
184 504
184 315
184 952
184 476
185 337
185 216
185 961
186 559
186 513
186 341
187 297
187 313
187 278
188 826
188 618
188 804
188 631
188 241
189 263
189 1071
189 1074
190 1035
191 898
192 635
192 780
192 510
193 908
193 951
193 1054
194 197
194 410
195 282
195 1071
195 1109
195 214
196 901
196 769
196 778
196 717
196 585
197 669
197 1023
198 728
199 753
199 631
200 865
200 898
200 513
200 522
201 279
201 697
201 552
201 489
202 937
202 376
203 307
203 497
203 849
204 392
204 930
204 690
205 775
205 982
205 1084
205 850
205 710
205 283
206 909
207 858
207 404
207 260
207 926
208 935
208 763
208 1019
208 772
208 711
208 1004
209 888
209 731
210 553
210 631
210 900
211 756
211 937
211 984
211 904
212 970
212 803
212 389
213 813
214 670
214 853
215 1111
215 352
215 721
216 230
216 938
217 911
217 982
217 1087
217 322
218 411
218 1068
218 1055
218 298
218 387
218 275
218 431
218 1038
219 531
219 403
219 646
220 990
220 1063
220 258
220 1111
220 1024
221 449
222 798
222 1037
222 910
223 643
223 359
224 828
224 544
224 272
224 669
225 714
225 995
226 1102
227 231
227 704
227 601
227 255
228 398
228 364
229 639
229 677
229 523
229 594
229 835
229 517
230 989
230 451
231 704
231 814
231 488
232 699
232 704
232 864
232 1073
233 892
233 512
233 541
234 499
234 675
234 1021
234 727
235 889
235 1017
236 1078
236 298
236 1057
236 662
236 552
237 261
237 474
237 884
237 1017
237 713
237 905
237 852
238 602
238 1069
238 1100
239 745
239 478
239 890
240 931
240 649
240 548
240 941
241 777
241 363
241 531
242 424
242 1104
242 903
243 803
243 720
243 381
244 346
244 1089
244 773
245 661
245 296
245 923
245 975
246 731
246 325
246 665
246 844
247 461
247 905
248 587
248 320
248 453
248 870
248 744
248 398
248 457
249 667
250 925
250 456
251 254
251 806
251 1054
252 497
252 954
252 439
252 375
252 330
252 947
253 770
253 850
253 264
254 1109
255 1050
256 624
257 817
257 628
258 1047
258 1114
258 603
259 319
259 324
259 297
260 1103
260 894
261 794
261 344
262 1039
262 1089
262 437
262 1106
263 951
263 1070
264 898
264 888
265 1084
266 995
266 434
266 325
266 662
267 774
267 613
267 380
268 321
269 490
269 751
269 356
270 574
270 888
270 866
270 1079
270 505
271 1083
271 351
271 810
271 777
272 786
272 759
272 575
272 535
272 955
272 374
273 781
273 584
273 282
274 406
275 755
276 754
277 981
277 973
277 415
278 373
278 362
279 771
279 1057
280 540
280 773
280 1115
281 606
281 1035
281 1071
282 301
283 625
283 745
283 1052
284 956
284 758
285 330
285 900
285 826
286 384
286 1010
287 916
288 1038
290 454
290 794
291 693
291 986
291 1087
291 324
292 614
292 995
293 829
293 335
294 529
295 879
295 594
296 530
296 818
297 756
297 337
297 902
298 556
298 1084
298 685
298 916
299 643
299 552
299 867
299 450
299 464
300 1000
300 932
300 983
300 359
301 359
301 727
301 324
302 550
302 585
302 600
302 804
302 887
303 1081
304 948
304 1078
304 323
305 1095
305 905
306 966
306 623
306 1103
306 949
307 588
308 969
309 795
309 335
309 516
309 635
309 855
309 1044
310 347
310 922
310 527
311 533
311 1115
311 735
312 988
312 978
313 671
314 1027
315 764
315 1098
315 469
315 941
316 1010
316 683
316 553
316 971
316 672
317 795
317 709
317 749
317 1016
318 516
319 903
319 489
319 650
320 1115
320 423
321 1083
321 488
321 512
321 806
322 514
322 671
322 555
322 738
323 632
323 546
323 784
323 701
324 728
324 922
325 1057
326 660
326 947
327 862
327 634
327 756
328 851
328 680
328 900
329 929
330 859
330 672
330 988
331 579
331 617
332 628
332 436
332 661
333 1063
333 543
334 1086
334 830
334 1059
336 609
337 939
337 1113
338 1018
338 845
339 847
340 353
341 509
341 716
341 803
342 933
342 817
343 600
343 1115
343 598
344 1029
345 435
345 1022
345 1042
346 582
347 744
348 532
348 453
348 1006
348 923
348 783
348 755
349 959
349 871
350 500
350 478
350 1026
352 541
352 1066
352 863
352 740
353 1114
354 869
354 448
355 418
355 624
355 805
356 769
356 1036
356 589
356 884
357 904
358 648
359 476
359 505
360 825
360 558
360 624
360 867
361 802
361 1052
362 684
362 664
362 1061
363 457
363 586
363 665
363 375
364 779
364 698
365 607
365 848
365 1035
366 685
366 724
367 876
367 1081
367 737
367 763
368 1074
368 1018
368 682
369 554
369 542
370 626
370 505
370 756
370 616
371 645
371 925
371 724
371 409
372 772
372 626
374 1105
374 470
374 982
374 699
374 702
375 498
376 654
376 1059
376 389
376 854
377 387
377 978
377 441
377 955
378 589
378 542
378 687
378 435
379 744
379 738
379 579
379 521
380 874
380 511
380 893
380 938
382 611
382 464
382 404
383 1077
383 575
383 747
383 898
384 623
384 683
384 736
386 836
386 912
388 930
388 627
388 933
389 710
389 834
389 942
389 1115
389 550
390 394
390 821
391 805
391 670
392 1055
393 840
393 1068
393 800
393 689
394 709
394 634
394 926
394 1011
395 1108
396 1005
396 1017
397 1107
397 627
397 859
397 765
397 1013
399 1113
399 946
399 753
399 607
400 1110
400 856
400 894
400 631
400 729
401 608
401 948
401 533
402 570
402 838
402 628
402 1113
403 996
403 1090
403 822
403 665
403 605
404 800
404 516
404 669
404 1034
405 954
405 1080
405 545
405 477
405 717
406 979
407 1098
407 1078
407 738
408 863
408 870
408 1012
408 575
409 436
409 1033
410 453
411 768
411 865
411 1062
411 1092
412 811
412 1015
412 615
413 712
414 564
414 1090
414 934
415 1024
415 908
416 819
416 559
416 768
417 1007
417 978
418 753
418 751
418 1081
418 969
419 961
419 478
420 434
420 550
421 814
421 646
421 533
421 775
421 1055
422 483
422 702
423 546
423 916
424 544
424 512
424 798
425 920
425 769
425 1068
426 709
426 732
426 564
426 805
427 1057
427 689
427 483
428 636
428 429
429 919
429 761
429 819
429 669
430 627
430 871
431 1057
431 613
431 958
431 541
432 441
433 1048
434 858
434 938
434 857
436 1002
436 1029
437 555
437 444
438 494
438 907
438 1055
439 469
440 1019
440 505
440 819
440 1113
441 483
441 541
442 860
442 1109
442 749
442 844
442 720
443 972
443 974
443 599
444 923
444 921
445 467
446 743
446 1115
447 615
447 1070
448 1030
448 1008
449 489
449 1072
450 971
450 1050
451 572
451 1053
451 514
452 486
453 622
453 894
453 1077
454 575
455 717
455 768
456 1023
457 816
458 831
458 866
458 573
458 601
458 1053
458 489
459 748
459 630
460 782
460 586
460 818
461 863
461 524
462 989
462 508
462 518
463 907
463 744
464 902
464 1102
465 950
465 877
465 820
466 526
466 997
466 687
467 980
468 1092
468 1019
469 541
470 943
470 783
470 856
471 708
471 1042
472 1013
472 920
472 940
472 734
473 891
474 638
475 652
475 554
476 939
476 885
477 1021
478 613
478 1080
478 915
479 1016
479 728
479 1096
480 601
481 653
481 976
481 623
482 492
482 889
482 533
483 1072
484 502
485 1082
486 492
486 969
487 581
487 565
487 530
488 815
488 597
489 1029
489 769
489 894
489 760
490 1007
490 1017
491 723
491 659
491 1013
491 826
492 1075
493 713
494 593
495 1044
495 986
496 801
496 642
497 766
497 1104
498 511
498 603
498 682
500 632
501 889
501 643
501 864
501 984
502 552
502 672
502 592
502 842
503 983
503 952
505 678
506 915
506 1107
507 896
507 1043
507 1105
508 544
509 540
509 1114
509 813
510 854
510 628
510 597
511 754
512 841
512 1075
512 953
513 585
514 597
514 578
515 542
515 834
515 636
516 706
516 744
517 750
517 1007
518 668
519 726
519 752
520 610
520 786
521 788
521 906
522 527
523 1014
523 948
523 630
527 1061
527 720
527 981
529 682
529 1094
530 620
530 684
530 589
530 703
531 856
531 761
532 581
533 779
534 762
534 792
534 1052
534 855
535 807
536 1096
538 630
538 739
539 793
539 718
540 811
541 562
542 634
543 1087
543 1005
544 945
544 815
544 929
545 785
547 1055
548 941
548 899
548 640
548 826
549 1073
549 808
549 974
549 944
549 807
549 1046
550 1100
551 896
551 910
552 958
552 854
553 707
555 941
556 982
557 806
557 802
558 651
558 921
559 1004
560 974
560 561
561 582
562 640
562 784
563 953
564 907
565 1057
566 957
566 777
566 883
567 905
567 896
568 695
568 712
568 1067
569 994
569 986
569 1079
570 1047
571 830
571 674
571 1056
571 791
572 927
572 647
573 810
573 623
573 812
575 740
575 1095
575 889
576 943
577 588
578 625
579 1079
580 659
581 652
581 937
581 718
582 1096
582 865
583 765
584 1012
584 811
584 1114
584 953
584 878
586 921
586 905
588 813
588 958
588 941
589 804
590 828
591 861
591 624
592 683
592 629
593 691
593 1112
594 776
594 713
594 619
595 872
596 1054
597 601
597 946
597 953
597 1090
597 1008
598 632
599 631
599 1033
600 940
600 884
600 740
602 876
603 922
603 722
603 1105
604 1032
604 953
605 967
605 941
605 720
609 879
609 1009
611 718
612 716
612 1080
612 1104
613 719
613 950
613 852
614 906
616 960
616 1074
616 696
616 1065
617 849
617 643
618 771
618 874
618 909
618 882
618 955
619 1043
620 1075
621 832
621 692
622 1068
622 719
623 1046
623 637
623 811
624 1110
625 662
626 985
629 1088
631 635
631 964
632 1113
633 1060
634 768
635 1067
636 750
636 989
636 880
637 644
637 765
640 738
640 695
640 1092
641 724
641 673
641 984
642 1022
643 731
644 871
644 787
646 706
646 799
647 924
647 1047
647 991
648 1054
648 1111
649 899
649 1070
650 1022
652 655
653 820
655 730
656 1072
656 1062
657 811
658 697
658 824
660 752
660 953
660 861
660 689
661 1098
662 978
663 719
663 972
664 903
665 964
665 767
666 1026
668 930
668 770
668 728
669 673
669 1115
669 857
670 862
671 837
672 1045
674 942
674 772
675 884
675 883
676 1006
676 1068
677 870
678 991
678 838
679 930
680 724
680 808
680 1016
680 895
681 871
681 915
682 890
682 986
686 742
687 698
687 1042
688 718
688 871
689 881
690 719
691 834
692 737
692 992
692 878
692 1083
694 984
696 773
697 1014
698 802
700 997
700 810
701 952
701 973
701 729
702 850
703 789
703 1071
704 783
707 1008
707 1051
707 990
707 766
707 868
708 1035
710 943
710 789
711 1064
711 967
712 859
715 1049
716 1031
716 824
717 837
718 749
718 912
720 735
720 779
720 1034
720 761
720 897
721 868
722 879
722 993
722 988
724 959
727 1025
728 755
728 1081
729 852
730 990
730 942
731 944
732 987
733 992
734 835
734 840
736 839
736 945
739 804
739 1096
739 831
740 946
741 1114
741 971
741 779
743 785
744 809
745 806
745 1113
746 910
749 1011
749 1037
750 760
751 840
752 1062
755 1108
755 1054
756 874
756 1111
757 963
758 775
758 1018
758 802
761 875
761 963
762 1061
763 873
764 873
766 1099
767 975
767 1102
767 993
768 1096
768 848
768 998
769 1021
772 828
772 849
772 801
773 1037
774 1105
774 1024
774 986
776 845
778 986
778 1054
779 865
779 961
780 1074
783 1059
784 947
785 806
785 845
787 1104
787 803
787 811
788 809
790 820
791 884
792 1101
792 850
794 1099
796 843
796 896
796 1000
797 1003
798 856
799 982
799 825
800 958
800 1005
802 1097
805 1097
808 848
809 906
811 978
811 1066
812 844
812 1008
813 856
813 1011
815 1042
815 1027
816 912
816 893
817 949
819 820
821 1085
822 1009
822 990
822 939
823 885
824 1108
826 838
828 1031
828 947
832 1115
833 834
834 937
834 886
835 1003
836 1055
838 1089
840 994
840 925
841 1082
842 1064
844 931
844 1077
845 1048
845 1065
845 857
846 897
846 950
847 939
848 933
849 974
849 1072
851 894
851 900
853 871
853 984
855 955
856 1021
857 867
858 1058
859 965
863 1054
864 883
864 1040
865 1030
866 1074
866 871
869 957
870 1084
871 914
875 943
880 895
881 888
882 946
883 994
886 887
886 1086
887 1023
887 896
890 930
890 942
893 894
895 1037
896 1068
896 1036
901 939
901 1083
902 984
903 1067
905 956
906 915
908 1013
910 933
911 995
912 946
913 976
914 934
914 988
914 1076
915 956
917 962
918 993
918 1083
918 1095
923 1013
927 973
927 942
928 1034
931 973
932 948
938 952
938 1105
938 1028
941 979
942 951
944 1091
947 1068
949 978
949 1033
950 998
950 1107
951 972
952 1091
952 991
953 1036
957 1016
957 1056
959 1039
960 1048
964 967
964 1053
965 1009
965 1021
968 1080
973 1047
977 1040
982 983
985 1109
987 1028
987 1075
994 1051
998 1065
999 1071
1000 1030
1000 1008
1001 1094
1001 1091
1002 1070
1003 1101
1004 1066
1015 1071
1015 1041
1023 1058
1028 1035
1036 1100
1040 1098
1041 1106
1043 1054
1046 1071
1051 1089
1053 1060
1058 1112
1086 1110
1090 1097
1107 1114
1108 1114